300K							
z	6	20	20	44	44	58	6	58
s (S/cm)	7.04E-02	3.10E-03	4.85E-02	2.90E-03	2.36E-03	4.10E-04	4.01E-02	3.80E-03
Ea (eV)	0.1635	0.0027	0.1628	0.0037	0.2648	0.0078	0.1739	0.0054
								
500K250ps							
z	6	20	20	44	44	58	6	58
s (S/cm)	7.98E-02	5.60E-03	1.71E-02	1.10E-03	7.04E-03	1.20E-03	2.23E-02	2.00E-03
Ea (eV)	0.1531	0.004	0.2138	0.0033	0.2145	0.0085	0.198	0.0045
								
700K100ps							
z	6	20	20	44	44	58	6	58
s (S/cm)	6.73E-02	2.80E-03	1.74E-02	1.50E-03	3.63E-03	4.90E-04	3.04E-02	1.70E-03
Ea (eV)	0.1655	0.0022	0.2149	0.0049	0.2454	0.0064	0.1808	0.004
								
900K100ps							
z	6	20	20	44	44	58	6	58
s (S/cm)	6.15E-02	2.80E-03	1.31E-02	2.80E-04	4.84E-03	5.30E-04	2.24E-02	1.10E-03
Ea (eV)	0.1685	0.0023	0.225	0.0012	0.2306	0.005	0.197	0.0028
								
900K250ps							
z	6	20	20	44	44	58	6	58
s (S/cm)	5.02E-02	2.40E-03	5.43E-03	3.20E-04	1.20E-03	5.80E-04	1.37E-02	1.50E-03
Ea (eV)	0.1761	0.0021	0.2623	0.0028	0.2871	0.0209	0.2191	0.0051
								
900K400ps							
z	6	20	20	44	44	58	6	58
s (S/cm)	7.06E-02	2.20E-03	2.52E-03	3.10E-04	2.06E-03	1.50E-03	7.00E-03	4.60E-04
Ea (eV)	0.1587	0.0015	0.2813	0.0054	0.2641	0.0326	0.239	0.0029
